[2018-02-12 02:54] jake|28 3 9 13 28 9 
[2018-02-12 02:54] jake|5 28 76 5 27 76 5 9 20 9 11 83 
[2018-02-12 02:55] jake|5 79 24 4 6 2 7 79 5 24 79 5 31 78 77 77 78 
[2018-02-12 02:55] jake|59 39 35 35 32 36 35 32 35 35 32 35 
[2018-02-12 02:55] jake|14 29 3 
[2018-02-12 02:56] jake|24 7 5 31 79 5 31 79 28 30 63 24 24 22 76 15 0 3 0 
[2018-02-12 02:56] jake|28 29 9 24 27 21 76 12 3 3 3 
[2018-02-12 02:56] jake|24 7 5 31 79 5 31 79 28 30 63 24 24 22 76 15 0 3 0 
[2018-02-12 02:58] jake|29 11 31 5 15 29 32 80 6 25 80 32 5 15 1 1 80 28 4 30 8 77 2 4 28 81 
[2018-02-12 02:58] jake|4 5 
[2018-02-12 02:58] jake|2 15 22 15 11 
[2018-02-12 02:58] jake|7 27 32 25 80 1 26 13 8 22 81 
[2018-02-12 02:58] jake|3 15 5 
[2018-02-12 02:58] jake|6 28 76 32 80 46 34 47 55 38 34 44 
[2018-02-12 02:58] jake|10 11 10 10 11 10 10 
[2018-02-12 02:58] jake|42 43 42 42 43 42 42 43 
[2018-02-12 02:58] jake|9 1 10 32 80 6 25 80 28 4 30 8 77 2 4 28 80 28 6 28 5 77 28 5 10 80 10 10 29 
[2018-02-12 02:58] jake|12 27 10 32 29 77 32 1 
[2018-02-12 02:58] jake|15 30 4 
[2018-02-12 02:58] jake|25 8 6 32 80 6 32 80 29 31 11 25 25 23 77 16 1 4 1 80 32 5 7 25 
[2018-02-12 02:58] jake|16 4 10 14 30 
[2018-02-12 03:00] jake|1 11 25 76 29 77 32 1 4 77 7 11 77 30 10 29 4 14 16 11 2 10 2 25 77 25 14 32 80 11 6 24 10 9 80 4 31 80 3 4 28 
[2018-02-12 03:00] jake|25 11 32 25 
[2018-02-12 03:00] jake|5 3 2 77 13 1 4 13 8 
[2018-02-12 03:00] jake|5 3 2 77 2 4 25 
[2018-02-12 03:00] jake|9 7 9 77 7 25 77 25 4 31 5 84 
[2018-02-12 03:00] jake|3 1 29 10 
[2018-02-12 03:00] jake|9 12 9 9 12 9 9 12 9 9 12 9 9 12 9 9 12 9 9 12 9 9 12 9 9 12 9 9 12 9 9 12 9 9 12 9 9 12 9 9 12 9 9 12 9 9 12 9 9 12 9 9 12 9 9 12 9 9 12 9 
[2018-02-12 03:01] jake|25 11 32 25 
[2018-02-12 03:02] jake|25 11 32 25 
[2018-02-12 03:02] jake|25 11 32 25 
[2018-02-12 03:02] jake|32 29 32 
[2018-02-12 03:02] jake|14 29 9 32 12 
[2018-02-12 03:02] jake|14 29 9 14 29 9 
[2018-02-12 03:02] jake|32 12 11 9 10 12 7 8 15 9 8 14 7 29 9 15 8 14 32 12 
[2018-02-12 03:02] jake|5 11 1 1 1 77 2 23 32 10 4 11 
